! comment geom opti Tetra-CTL-S
! FOpt      RB3LYP                                                      6-31+G(d,p
Units angstrom

O          42.6789701766   45.3847071796   52.4512762598    Rank  4
  -0.2548102678
  -0.2075747842   0.2221624561   0.1970668389
  -0.4585132546  -0.4999454363   0.1799067562  -0.4061994439  -0.5045527736
  -0.0136626237  -0.0283333693  -0.1693726502  -0.0985316762   0.1698573307
   0.0955995226  -0.2163450160
  -0.0143795875  -0.3055851405   0.2979395666  -0.3724275870  -0.1893905438
  -0.3769727427  -0.1212261180   0.0204262131  -0.2838052821

C          43.7353689183   44.8469452854   51.7141316111    Rank  4
   0.3213321798
  -0.0644129906  -0.1428919759   0.0257967877
   0.0427111994  -0.0544061656   0.0659352378  -0.0982999821  -0.0197948962
  -0.4888348631  -0.2934711047  -0.1762803524  -0.0698379272  -0.2906024272
  -0.3148030017   0.4621996613
  -0.0204936826   0.0517011504   0.0472820961   0.1046571052  -0.0445648675
  -0.0730705327   0.1677419657  -0.2371043986   0.1770867387

C          44.8358842646   45.9824396687   51.7350711534    Rank  4
   0.2074115686
   0.1441518358   0.0380415050   0.0050830601
   0.0473341744   0.0169232960   0.0307806444   0.1747006396  -0.0270338512
   0.2243505647   0.5754854244  -0.0420961721  -0.2243188104   0.1460126140
   0.6170956524  -0.1523865871
   0.0545348058   0.0136221143   0.0093952358   0.1607612185  -0.0385298646
  -0.2182779912   0.0450127010  -0.3205975348   0.0684486601

C          43.9024829228   47.2265143363   51.5863419294    Rank  4
   0.3659159045
  -0.0662671440   0.0319502247   0.1256566542
   0.0492810958   0.0716960844  -0.0047516381  -0.0802468025   0.0686657381
  -0.4843003900  -0.2191394485   0.2174142676   0.0508952408   0.2191280926
  -0.4351415705  -0.1932645828
   0.0301572164   0.0637360677  -0.0357528465   0.0972335092   0.0464348914
  -0.1307787871  -0.2072817971  -0.1264978240   0.0928580143

C          42.6031359072   46.7719369301   52.3419856609    Rank  4
   0.4627559694
   0.0670756048  -0.1086637811  -0.0358381430
  -0.0186061418   0.0116953017   0.0386519341  -0.0305875588  -0.0775267267
   0.3466489881  -0.0754337859   0.4145454194  -0.3954732200   0.0348587636
  -0.0794441235   0.4135284856
  -0.0053681262  -0.0143868001   0.1222330337   0.0405677112   0.0336003397
   0.0723587614  -0.2019054979   0.0873082991   0.0686520776

F          43.6097037244   47.4733432254   50.2911337675    Rank  4
  -0.1835913307
   0.2134543219   0.0564209396  -0.0279617293
   0.5850164248   0.2223084606  -0.2201493986  -0.0035452540  -0.0466829997
   0.1408550514   0.0012629966  -0.0501010706  -0.0254063349   0.0112357316
  -0.0097905458  -0.0270340135
  -0.2412540308  -0.1752515703   0.2143017488   0.1619874793   0.0804731409
   0.0914622827   0.0272898154  -0.1282468932   0.0328767653

F          44.4271515969   48.3322424485   52.1400955589    Rank  4
  -0.1718652696
  -0.1000214296  -0.0852063305  -0.1867497519
  -0.1877116716   0.1840710175   0.3783949494  -0.2955744369   0.3796519364
   0.0437335128   0.0249086920   0.0574895228   0.0172842719  -0.0980972426
   0.0849882319  -0.0128706635
   0.0160281588   0.1993374883   0.2309547593  -0.1358223412   0.0016243374
   0.1907749833   0.0243682144   0.1283515668   0.2099229340

F          41.4904149298   47.1256395071   51.6781575622    Rank  4
  -0.1643113649
   0.1169659693   0.1971282327  -0.0698782368
  -0.1039033066   0.4552422368  -0.1553013411   0.3575245426  -0.2619206448
  -0.0665104718  -0.0046178139   0.0102335380   0.0543514655  -0.0598084231
   0.0468465261   0.0086312825
   0.0226902798   0.2096256528  -0.1403874774  -0.0548377188  -0.0530631612
  -0.1025220306   0.2266974720  -0.0643645334   0.1539687091

F          42.5357502165   47.3004079541   53.5735462929    Rank  4
  -0.1634338186
  -0.2163860005   0.0121017427  -0.1005823799
   0.4877230436  -0.0763605941   0.4283625573  -0.0924793331  -0.0244681658
  -0.0848704440   0.0184963575  -0.0682228176   0.0175915140  -0.0011084518
   0.0295247043   0.0547064380
   0.0007461579   0.0544543659  -0.3186374739   0.0745589929   0.1260462931
  -0.1472032732   0.1539938983   0.0592990620   0.0286492468

F          43.3372520218   44.6459836248   50.4163916538    Rank  4
  -0.2167765492
   0.2039455485   0.0686737239   0.0309907234
   0.5714604621   0.3101391965   0.1525305419   0.0189637801   0.0554963689
   0.0730044964   0.0122391835   0.0031660997  -0.0497829456  -0.0459313161
  -0.0781906855   0.0980601256
  -0.2045800111  -0.1866937887  -0.0415535468  -0.0761954594  -0.0791719980
   0.0276405427   0.1302233697   0.1156256893   0.0841654776

C          44.0714463487   43.4405529697   52.3074049356    Rank  4
   0.3775349795
   0.0268099743   0.1564308181  -0.0376399551
   0.0772864268  -0.0194893611   0.0281530349  -0.0335432168  -0.0071221534
   0.2075893608   0.4181433174   0.0366686014   0.2006231815   0.3691026381
   0.2450137733  -0.4045414266
   0.0280793331   0.1366786753   0.0512026021   0.0361891294  -0.0929346206
  -0.0459251473   0.0585105877  -0.1197754601   0.1868752163

F          44.9061489968   42.8145025676   51.4444602585    Rank  4
  -0.1874246121
   0.1480810466  -0.1293415865   0.1069149194
   0.0485922941  -0.4688899061   0.3216254725   0.1075756131  -0.3248726576
  -0.0107718238  -0.0398582841   0.0477344457   0.1063688223  -0.0880839728
   0.0219548052  -0.0193213835
   0.1419830229  -0.0623569440   0.0013198256  -0.0890329666   0.1284164020
  -0.1111478389  -0.2604068489  -0.0045408006   0.1141490767

F          44.6885506397   43.5638608909   53.5039907111    Rank  4
  -0.1803403391
  -0.2081973523  -0.0889360506  -0.0161167877
   0.4293968318   0.4739510457   0.0824680121   0.1060995894   0.0756245341
   0.0177782330  -0.0897782117  -0.0404943856  -0.0299863476  -0.0084092967
   0.0137310820  -0.1074627807
   0.0207393487  -0.1871688926   0.0635470823  -0.1931122399  -0.0538593308
  -0.0183263979  -0.0588755266  -0.1115998421   0.1066774742

F          45.3466455266   46.0420461897   53.0103890257    Rank  4
  -0.2162139507
  -0.2094806535  -0.0622804242  -0.0050048392
   0.5123512970   0.4077507894   0.0441095683   0.0977698028   0.0317956385
   0.0095727248  -0.0114622720  -0.0155011094  -0.0929777253   0.0284473427
   0.1121544831  -0.0110581221
   0.0425570426  -0.1747033193  -0.1112674661  -0.0204191903  -0.0015683421
  -0.0943413591  -0.1091629438  -0.1541055385  -0.0287064003

C          46.0422285971   45.8305534264   50.7502830002    Rank  4
   0.3837051180
  -0.0818185760   0.0252039162  -0.1464753550
   0.0579818233   0.0505446686  -0.0607130528   0.0280299433  -0.0140058754
  -0.2619239251  -0.4455625929  -0.1294312640   0.1297653588  -0.2311612382
  -0.4831734217   0.0969431303
   0.0172506678   0.0028288524   0.1009485837   0.1590466327  -0.0969214621
  -0.1608319482   0.1386618966  -0.0309237194  -0.1468576575

F          46.7594291917   44.7578231646   51.1746925428    Rank  4
  -0.2012028264
  -0.0766711049  -0.1122034815   0.1756465956
  -0.2504332913   0.1566503100  -0.2906273905  -0.1880235436  -0.4706014494
   0.0368656661  -0.0523700256  -0.0777279022   0.0388610397   0.0359391887
   0.0336496205   0.0508865524
  -0.1153037245   0.1604456845  -0.0590941437   0.0428139382  -0.0442330469
   0.0648172042  -0.1169582628   0.0053438344   0.0160562947

F          45.5846736166   45.5851068540   49.5036343087    Rank  4
  -0.1852727208
   0.2064275932   0.0793832756   0.0317251717
   0.5020640751   0.3425328956   0.1896499360   0.0582460786   0.0999179519
   0.0527141261   0.0392957083   0.0295864423   0.0522486240   0.0084454541
  -0.0634726864   0.0388635558
  -0.1653396277  -0.0748381037  -0.0104101491   0.0381983833  -0.1326627792
  -0.0443703043  -0.0643936556   0.0299965957  -0.1108300179

C          42.8391568280   42.4948139142   52.5246478972    Rank  4
   0.5092284906
   0.0185071390  -0.0945823948  -0.0779060306
   0.0320915070   0.0119689864   0.0154580385   0.0008454731  -0.0622125029
  -0.0892620318  -0.4974219830   0.0948816740  -0.1383822565  -0.2774963770
  -0.2355967371   0.2918148826
   0.0195558700   0.0458826469   0.0956695921   0.1430306863  -0.0830414187
  -0.0095296297   0.0570507596  -0.0679668155   0.1591637807

F          43.2987529509   41.2712975695   52.8284387972    Rank  4
  -0.1646182931
  -0.0546796255  -0.0831897888   0.2139076416
  -0.2896522811   0.0797154626  -0.2418182390  -0.4179537864  -0.3338035327
   0.0710452973   0.0035227084  -0.1014987158   0.0521866302   0.0294504818
   0.0613911046  -0.0252030559
   0.0896286357  -0.0022335090  -0.1563058877  -0.2876575571  -0.0478974503
   0.0975153049  -0.1505945028  -0.1091431770  -0.1684709353

F          42.0746381597   42.9244982423   53.5362694626    Rank  4
  -0.1665183299
  -0.1761353022   0.1306638371  -0.0770226170
   0.2253321585  -0.5071537751   0.2675087757   0.1274788489  -0.1943846887
   0.0435609000   0.0897458742  -0.1000143766  -0.0497920369   0.0631797126
  -0.0180999744  -0.0149404257
   0.1120010880   0.0870427316  -0.1022869780  -0.2360238793   0.0722612084
   0.0300639382  -0.1568579756  -0.0332890129  -0.1029675462

F          42.0909645467   42.4096146369   51.4153322281    Rank  4
  -0.1677310442
   0.1920094725   0.1270496657   0.0111887999
   0.3363918072   0.5284365703   0.0535379260   0.1739503837   0.0628878439
   0.0527458470   0.0992771016  -0.0179986042   0.0972893081   0.0005018490
  -0.0009125202   0.0334265850
   0.1071102846  -0.0509323940  -0.0663210864  -0.1885578420  -0.0761717526
  -0.0167579031  -0.1214337280   0.0318798323  -0.0821374652

O          48.2041373243   45.9742118626   48.8851935808    Rank  4
  -0.2519488968
   0.0729402772   0.2940340778   0.1797125371
   0.4584939790  -0.5443117982   0.5731323432   0.2250789389   0.1233210411
   0.0405683432   0.2710878504   0.1297999498  -0.2333610993   0.0109395505
  -0.0303908116  -0.1697253526
   0.1934841764   0.4319909413  -0.3981081091  -0.1746694522   0.2312120989
   0.3462858960  -0.0430347856  -0.0160185463  -0.0673138187

C          48.4078952102   46.7582286474   50.0202924040    Rank  4
   0.3243696941
  -0.0071719000   0.0490016720  -0.1539614456
   0.1181183842  -0.0088215862  -0.0109729552   0.0673832387   0.0157325960
  -0.0807764279   0.0834764212  -0.4172511048   0.4161506179  -0.4828376146
  -0.3373660732   0.1613236682
  -0.0691029948   0.0881279343   0.2329601441  -0.0697615641  -0.1162485783
   0.0161750287   0.1679412885  -0.1306209046  -0.1716962414

C          49.2977729964   47.9581471810   49.4979459712    Rank  4
   0.2077794368
  -0.0937811588  -0.0935412163   0.0700153920
  -0.0195943365   0.1192523468   0.0405398689  -0.1272702933  -0.0430353720
  -0.0493787428   0.3247689007   0.2006192647  -0.1750715089   0.8048974226
   0.0879235814  -0.1355146045
  -0.2109668309   0.0997873873   0.1104430609  -0.0724352488  -0.0341609111
   0.0943019474   0.1498466964  -0.2385716636  -0.1736350470

C          50.2318570297   47.1614886702   48.5313287580    Rank  4
   0.3663646308
  -0.0321387110   0.1380723743   0.0310198753
  -0.0049457112  -0.0068317999  -0.1248572776   0.0571284029  -0.0122953624
  -0.0721939657   0.0597842682   0.2566509760   0.2925406879  -0.6306022376
   0.1876649536  -0.1083105091
  -0.0800181408  -0.1155873648  -0.0836625512   0.0336849012  -0.0372279002
   0.0330894593   0.0862684264  -0.2412107959  -0.0791844181

C          49.2867752651   46.0198582655   48.0083181549    Rank  4
   0.4634666444
  -0.0474950691  -0.0816876774  -0.0952792423
   0.0561400012  -0.0458169457   0.0263954119  -0.0023693386  -0.0536088757
  -0.3125546550  -0.4559710546   0.2383998557   0.1499558672   0.1878926767
  -0.4518719266   0.0706157053
   0.1043611723  -0.0205649680  -0.1198882793   0.1430506202  -0.0459501324
  -0.0886877189   0.0503690890  -0.0896070974   0.0944497843

F          51.2815397718   46.6208218578   49.1859172109    Rank  4
  -0.1824437708
  -0.1136076165  -0.1643255173   0.0979858030
  -0.1025382084   0.4305291044  -0.2127449738   0.2784365327  -0.3481487151
   0.0482656111  -0.0412623002   0.0408244726  -0.1102306157   0.0502320342
  -0.0409484631   0.0478439568
   0.0450466777   0.1656962878   0.0785399484  -0.0464272046   0.0357252002
  -0.0586709884   0.2963170834  -0.0886133939   0.2265345560

F          50.6851842018   47.9189600739   47.5185694087    Rank  4
  -0.1718963884
   0.1763884921  -0.0724043321  -0.1265282216
   0.2145837822  -0.3083209432  -0.4831472314  -0.1226553334   0.2305952059
  -0.0752490675  -0.0379605926  -0.0628382619  -0.0341315592   0.0846945444
   0.0555605860   0.0191332291
   0.2212844822   0.0508468916  -0.0249114452   0.0612526202  -0.2944960530
  -0.2408674812  -0.0461675434   0.0779336720  -0.0259267469

F          49.9113919674   44.8311770216   47.9779326407    Rank  4
  -0.1637270605
   0.0115997495  -0.1168774821   0.2089781661
  -0.3324010595  -0.0248747887   0.0449800258  -0.3234572161  -0.4668462044
  -0.0281297858   0.0154063201  -0.0923483838   0.0387577837   0.0076672779
   0.0477782318  -0.0275376576
  -0.0774722945  -0.0647448738   0.1578311691  -0.1565131822  -0.1013233571
  -0.0419031643  -0.0547303093   0.0714287442  -0.2703699032

F          48.8309959916   46.2802413939   46.7737513200    Rank  4
  -0.1622899756
   0.2230039131   0.0730928938  -0.0467164612
   0.5255703184   0.3414710804  -0.1896953631   0.0439346354  -0.0551358699
   0.0314473215   0.0783676793  -0.0661880406   0.0640338301   0.0034427068
  -0.0290521309  -0.0267500038
  -0.2491972871  -0.2220907839   0.0714656930  -0.0987614316   0.0770873013
   0.0043407083   0.0135098372   0.1552600288  -0.0995874134

F          49.1340369417   46.0535407125   50.9461831337    Rank  4
  -0.2122373833
  -0.1377786096  -0.1260087305   0.1104132509
   0.1176776893   0.3951230362  -0.4131865620   0.0355736305  -0.2893726703
  -0.0280921419  -0.0846008393   0.0192814132   0.0486199227   0.0534448344
  -0.0527422570   0.0731198504
   0.1071133045   0.0731229070   0.1527296408   0.0385293025   0.1728074988
   0.0636896465   0.0796830093   0.0976694977  -0.0615104500

C          47.0154352308   47.0695874165   50.6745960537    Rank  4
   0.3849840602
   0.0590439686  -0.0332886724   0.1543154171
   0.0525010820   0.0633157517  -0.0260430142   0.0252238184  -0.0259021418
   0.3339996794   0.1519775544   0.3164362629  -0.1532528171   0.3083449916
   0.4443876024  -0.1857298216
   0.0164467812   0.0103040030   0.0656116078   0.0168067298  -0.0871492204
  -0.1031056755   0.1174460472  -0.1035309926  -0.1874268938

F          47.2568594214   47.5206546315   51.9275840765    Rank  4
  -0.1939003814
  -0.2047973559  -0.0383461284  -0.0683771284
   0.5071759324   0.1658018736   0.3634571355  -0.0260054297   0.0975499273
  -0.0722596417  -0.0524558295  -0.0675079230   0.0161274756   0.0353410868
   0.0490149308  -0.0501256017
  -0.0796483881   0.0277762094  -0.1707818809   0.0272031578  -0.2417010719
  -0.0759010292  -0.0660624441   0.0614301928   0.0429230816

F          46.3773149315   48.0400570927   49.9806741763    Rank  4
  -0.1943171645
   0.1130358592   0.1195015172  -0.1500365731
  -0.0956902332   0.2596614256  -0.4346966093  -0.1573871519  -0.3627412066
  -0.0302522992   0.0273876042   0.0232310547  -0.0630507029  -0.0768290878
  -0.0289288175  -0.0269494397
   0.1231982757   0.2706724719  -0.1346213174   0.1358448499  -0.0406938043
  -0.1014002200   0.0830289651   0.0104724357  -0.0833460400

F          48.5091726903   48.7452494393   48.6924720560    Rank  4
  -0.2142507855
   0.1369586625   0.1270276278  -0.1095558792
  -0.0147800545   0.3744511545  -0.3914704973  -0.0038518505  -0.3706065816
  -0.0736293576   0.0785373116   0.0218983194  -0.0284301806   0.0639220382
  -0.0982116423  -0.0721021680
   0.0015181264   0.0151201864  -0.0414028711  -0.0314078596   0.0693869103
   0.2073938206   0.0925251093   0.0011759479  -0.0236847922

C          49.9487060518   48.8838252343   50.5771511395    Rank  4
   0.3841256551
   0.1628242456  -0.0483901030  -0.0137754136
  -0.0596683382   0.0494250210  -0.0145454133   0.0232641327  -0.0618107834
   0.0304844719  -0.1003007330  -0.2646233154   0.1185321935  -0.6705194966
  -0.1170392534   0.1880045100
  -0.1813464453   0.2051862554   0.0776473888  -0.0594475083   0.1298001625
  -0.0560743428  -0.0619619828  -0.0715274034  -0.0236500191

F          48.9297068565   49.5355614220   51.1966364633    Rank  4
  -0.2011210018
  -0.0926547027   0.1670615077  -0.1058542615
  -0.1358626737  -0.4022936853   0.2661149572   0.2013229039  -0.3688641201
   0.0542093675  -0.0116595723  -0.0557175232  -0.0308544152   0.0385391390
  -0.0673933063  -0.0844010124
   0.0545689408  -0.1204139805   0.0570060471  -0.0417005188   0.0541825279
  -0.0592981842  -0.1419880413  -0.1343055899   0.0664422390

F          50.6028640190   48.1298713244   51.4867867094    Rank  4
  -0.1848349873
  -0.1429448399  -0.1161527542   0.1257401549
   0.1037432947   0.3744196096  -0.4330599944  -0.0526650020  -0.2724280208
   0.0490364052  -0.0759323602   0.0202994465   0.0454919324   0.0230514845
   0.0181640604   0.0436932999
   0.0743540578   0.0471129458  -0.0035510660  -0.0221029708   0.2374859824
  -0.0148451117   0.0023910845  -0.0718127737   0.0303704243

O          48.2041373243   45.9742118626   48.8851935808    Rank  4
  -0.2519488968
   0.0729402772   0.2940340778   0.1797125371
   0.4584939790  -0.5443117982   0.5731323432   0.2250789389   0.1233210411
   0.0405683432   0.2710878504   0.1297999498  -0.2333610993   0.0109395505
  -0.0303908116  -0.1697253526
   0.1934841764   0.4319909413  -0.3981081091  -0.1746694522   0.2312120989
   0.3462858960  -0.0430347856  -0.0160185463  -0.0673138187

C          48.4078952102   46.7582286474   50.0202924040    Rank  4
   0.3243696941
  -0.0071719000   0.0490016720  -0.1539614456
   0.1181183842  -0.0088215862  -0.0109729552   0.0673832387   0.0157325960
  -0.0807764279   0.0834764212  -0.4172511048   0.4161506179  -0.4828376146
  -0.3373660732   0.1613236682
  -0.0691029948   0.0881279343   0.2329601441  -0.0697615641  -0.1162485783
   0.0161750287   0.1679412885  -0.1306209046  -0.1716962414

C          49.2977729964   47.9581471810   49.4979459712    Rank  4
   0.2077794368
  -0.0937811588  -0.0935412163   0.0700153920
  -0.0195943365   0.1192523468   0.0405398689  -0.1272702933  -0.0430353720
  -0.0493787428   0.3247689007   0.2006192647  -0.1750715089   0.8048974226
   0.0879235814  -0.1355146045
  -0.2109668309   0.0997873873   0.1104430609  -0.0724352488  -0.0341609111
   0.0943019474   0.1498466964  -0.2385716636  -0.1736350470

C          50.2318570297   47.1614886702   48.5313287580    Rank  4
   0.3663646308
  -0.0321387110   0.1380723743   0.0310198753
  -0.0049457112  -0.0068317999  -0.1248572776   0.0571284029  -0.0122953624
  -0.0721939657   0.0597842682   0.2566509760   0.2925406879  -0.6306022376
   0.1876649536  -0.1083105091
  -0.0800181408  -0.1155873648  -0.0836625512   0.0336849012  -0.0372279002
   0.0330894593   0.0862684264  -0.2412107959  -0.0791844181

C          49.2867752651   46.0198582655   48.0083181549    Rank  4
   0.4634666444
  -0.0474950691  -0.0816876774  -0.0952792423
   0.0561400012  -0.0458169457   0.0263954119  -0.0023693386  -0.0536088757
  -0.3125546550  -0.4559710546   0.2383998557   0.1499558672   0.1878926767
  -0.4518719266   0.0706157053
   0.1043611723  -0.0205649680  -0.1198882793   0.1430506202  -0.0459501324
  -0.0886877189   0.0503690890  -0.0896070974   0.0944497843

F          51.2815397718   46.6208218578   49.1859172109    Rank  4
  -0.1824437708
  -0.1136076165  -0.1643255173   0.0979858030
  -0.1025382084   0.4305291044  -0.2127449738   0.2784365327  -0.3481487151
   0.0482656111  -0.0412623002   0.0408244726  -0.1102306157   0.0502320342
  -0.0409484631   0.0478439568
   0.0450466777   0.1656962878   0.0785399484  -0.0464272046   0.0357252002
  -0.0586709884   0.2963170834  -0.0886133939   0.2265345560

F          50.6851842018   47.9189600739   47.5185694087    Rank  4
  -0.1718963884
   0.1763884921  -0.0724043321  -0.1265282216
   0.2145837822  -0.3083209432  -0.4831472314  -0.1226553334   0.2305952059
  -0.0752490675  -0.0379605926  -0.0628382619  -0.0341315592   0.0846945444
   0.0555605860   0.0191332291
   0.2212844822   0.0508468916  -0.0249114452   0.0612526202  -0.2944960530
  -0.2408674812  -0.0461675434   0.0779336720  -0.0259267469

F          49.9113919674   44.8311770216   47.9779326407    Rank  4
  -0.1637270605
   0.0115997495  -0.1168774821   0.2089781661
  -0.3324010595  -0.0248747887   0.0449800258  -0.3234572161  -0.4668462044
  -0.0281297858   0.0154063201  -0.0923483838   0.0387577837   0.0076672779
   0.0477782318  -0.0275376576
  -0.0774722945  -0.0647448738   0.1578311691  -0.1565131822  -0.1013233571
  -0.0419031643  -0.0547303093   0.0714287442  -0.2703699032

F          48.8309959916   46.2802413939   46.7737513200    Rank  4
  -0.1622899756
   0.2230039131   0.0730928938  -0.0467164612
   0.5255703184   0.3414710804  -0.1896953631   0.0439346354  -0.0551358699
   0.0314473215   0.0783676793  -0.0661880406   0.0640338301   0.0034427068
  -0.0290521309  -0.0267500038
  -0.2491972871  -0.2220907839   0.0714656930  -0.0987614316   0.0770873013
   0.0043407083   0.0135098372   0.1552600288  -0.0995874134

F          49.1340369417   46.0535407125   50.9461831337    Rank  4
  -0.2122373833
  -0.1377786096  -0.1260087305   0.1104132509
   0.1176776893   0.3951230362  -0.4131865620   0.0355736305  -0.2893726703
  -0.0280921419  -0.0846008393   0.0192814132   0.0486199227   0.0534448344
  -0.0527422570   0.0731198504
   0.1071133045   0.0731229070   0.1527296408   0.0385293025   0.1728074988
   0.0636896465   0.0796830093   0.0976694977  -0.0615104500

C          47.0154352308   47.0695874165   50.6745960537    Rank  4
   0.3849840602
   0.0590439686  -0.0332886724   0.1543154171
   0.0525010820   0.0633157517  -0.0260430142   0.0252238184  -0.0259021418
   0.3339996794   0.1519775544   0.3164362629  -0.1532528171   0.3083449916
   0.4443876024  -0.1857298216
   0.0164467812   0.0103040030   0.0656116078   0.0168067298  -0.0871492204
  -0.1031056755   0.1174460472  -0.1035309926  -0.1874268938

F          47.2568594214   47.5206546315   51.9275840765    Rank  4
  -0.1939003814
  -0.2047973559  -0.0383461284  -0.0683771284
   0.5071759324   0.1658018736   0.3634571355  -0.0260054297   0.0975499273
  -0.0722596417  -0.0524558295  -0.0675079230   0.0161274756   0.0353410868
   0.0490149308  -0.0501256017
  -0.0796483881   0.0277762094  -0.1707818809   0.0272031578  -0.2417010719
  -0.0759010292  -0.0660624441   0.0614301928   0.0429230816

F          46.3773149315   48.0400570927   49.9806741763    Rank  4
  -0.1943171645
   0.1130358592   0.1195015172  -0.1500365731
  -0.0956902332   0.2596614256  -0.4346966093  -0.1573871519  -0.3627412066
  -0.0302522992   0.0273876042   0.0232310547  -0.0630507029  -0.0768290878
  -0.0289288175  -0.0269494397
   0.1231982757   0.2706724719  -0.1346213174   0.1358448499  -0.0406938043
  -0.1014002200   0.0830289651   0.0104724357  -0.0833460400

F          48.5091726903   48.7452494393   48.6924720560    Rank  4
  -0.2142507855
   0.1369586625   0.1270276278  -0.1095558792
  -0.0147800545   0.3744511545  -0.3914704973  -0.0038518505  -0.3706065816
  -0.0736293576   0.0785373116   0.0218983194  -0.0284301806   0.0639220382
  -0.0982116423  -0.0721021680
   0.0015181264   0.0151201864  -0.0414028711  -0.0314078596   0.0693869103
   0.2073938206   0.0925251093   0.0011759479  -0.0236847922

C          49.9487060518   48.8838252343   50.5771511395    Rank  4
   0.3841256551
   0.1628242456  -0.0483901030  -0.0137754136
  -0.0596683382   0.0494250210  -0.0145454133   0.0232641327  -0.0618107834
   0.0304844719  -0.1003007330  -0.2646233154   0.1185321935  -0.6705194966
  -0.1170392534   0.1880045100
  -0.1813464453   0.2051862554   0.0776473888  -0.0594475083   0.1298001625
  -0.0560743428  -0.0619619828  -0.0715274034  -0.0236500191

F          48.9297068565   49.5355614220   51.1966364633    Rank  4
  -0.2011210018
  -0.0926547027   0.1670615077  -0.1058542615
  -0.1358626737  -0.4022936853   0.2661149572   0.2013229039  -0.3688641201
   0.0542093675  -0.0116595723  -0.0557175232  -0.0308544152   0.0385391390
  -0.0673933063  -0.0844010124
   0.0545689408  -0.1204139805   0.0570060471  -0.0417005188   0.0541825279
  -0.0592981842  -0.1419880413  -0.1343055899   0.0664422390

F          50.6028640190   48.1298713244   51.4867867094    Rank  4
  -0.1848349873
  -0.1429448399  -0.1161527542   0.1257401549
   0.1037432947   0.3744196096  -0.4330599944  -0.0526650020  -0.2724280208
   0.0490364052  -0.0759323602   0.0202994465   0.0454919324   0.0230514845
   0.0181640604   0.0436932999
   0.0743540578   0.0471129458  -0.0035510660  -0.0221029708   0.2374859824
  -0.0148451117   0.0023910845  -0.0718127737   0.0303704243

O          48.2041373243   45.9742118626   48.8851935808    Rank  4
  -0.2519488968
   0.0729402772   0.2940340778   0.1797125371
   0.4584939790  -0.5443117982   0.5731323432   0.2250789389   0.1233210411
   0.0405683432   0.2710878504   0.1297999498  -0.2333610993   0.0109395505
  -0.0303908116  -0.1697253526
   0.1934841764   0.4319909413  -0.3981081091  -0.1746694522   0.2312120989
   0.3462858960  -0.0430347856  -0.0160185463  -0.0673138187

C          48.4078952102   46.7582286474   50.0202924040    Rank  4
   0.3243696941
  -0.0071719000   0.0490016720  -0.1539614456
   0.1181183842  -0.0088215862  -0.0109729552   0.0673832387   0.0157325960
  -0.0807764279   0.0834764212  -0.4172511048   0.4161506179  -0.4828376146
  -0.3373660732   0.1613236682
  -0.0691029948   0.0881279343   0.2329601441  -0.0697615641  -0.1162485783
   0.0161750287   0.1679412885  -0.1306209046  -0.1716962414

C          49.2977729964   47.9581471810   49.4979459712    Rank  4
   0.2077794368
  -0.0937811588  -0.0935412163   0.0700153920
  -0.0195943365   0.1192523468   0.0405398689  -0.1272702933  -0.0430353720
  -0.0493787428   0.3247689007   0.2006192647  -0.1750715089   0.8048974226
   0.0879235814  -0.1355146045
  -0.2109668309   0.0997873873   0.1104430609  -0.0724352488  -0.0341609111
   0.0943019474   0.1498466964  -0.2385716636  -0.1736350470

C          50.2318570297   47.1614886702   48.5313287580    Rank  4
   0.3663646308
  -0.0321387110   0.1380723743   0.0310198753
  -0.0049457112  -0.0068317999  -0.1248572776   0.0571284029  -0.0122953624
  -0.0721939657   0.0597842682   0.2566509760   0.2925406879  -0.6306022376
   0.1876649536  -0.1083105091
  -0.0800181408  -0.1155873648  -0.0836625512   0.0336849012  -0.0372279002
   0.0330894593   0.0862684264  -0.2412107959  -0.0791844181

C          49.2867752651   46.0198582655   48.0083181549    Rank  4
   0.4634666444
  -0.0474950691  -0.0816876774  -0.0952792423
   0.0561400012  -0.0458169457   0.0263954119  -0.0023693386  -0.0536088757
  -0.3125546550  -0.4559710546   0.2383998557   0.1499558672   0.1878926767
  -0.4518719266   0.0706157053
   0.1043611723  -0.0205649680  -0.1198882793   0.1430506202  -0.0459501324
  -0.0886877189   0.0503690890  -0.0896070974   0.0944497843

F          51.2815397718   46.6208218578   49.1859172109    Rank  4
  -0.1824437708
  -0.1136076165  -0.1643255173   0.0979858030
  -0.1025382084   0.4305291044  -0.2127449738   0.2784365327  -0.3481487151
   0.0482656111  -0.0412623002   0.0408244726  -0.1102306157   0.0502320342
  -0.0409484631   0.0478439568
   0.0450466777   0.1656962878   0.0785399484  -0.0464272046   0.0357252002
  -0.0586709884   0.2963170834  -0.0886133939   0.2265345560

F          50.6851842018   47.9189600739   47.5185694087    Rank  4
  -0.1718963884
   0.1763884921  -0.0724043321  -0.1265282216
   0.2145837822  -0.3083209432  -0.4831472314  -0.1226553334   0.2305952059
  -0.0752490675  -0.0379605926  -0.0628382619  -0.0341315592   0.0846945444
   0.0555605860   0.0191332291
   0.2212844822   0.0508468916  -0.0249114452   0.0612526202  -0.2944960530
  -0.2408674812  -0.0461675434   0.0779336720  -0.0259267469

F          49.9113919674   44.8311770216   47.9779326407    Rank  4
  -0.1637270605
   0.0115997495  -0.1168774821   0.2089781661
  -0.3324010595  -0.0248747887   0.0449800258  -0.3234572161  -0.4668462044
  -0.0281297858   0.0154063201  -0.0923483838   0.0387577837   0.0076672779
   0.0477782318  -0.0275376576
  -0.0774722945  -0.0647448738   0.1578311691  -0.1565131822  -0.1013233571
  -0.0419031643  -0.0547303093   0.0714287442  -0.2703699032

F          48.8309959916   46.2802413939   46.7737513200    Rank  4
  -0.1622899756
   0.2230039131   0.0730928938  -0.0467164612
   0.5255703184   0.3414710804  -0.1896953631   0.0439346354  -0.0551358699
   0.0314473215   0.0783676793  -0.0661880406   0.0640338301   0.0034427068
  -0.0290521309  -0.0267500038
  -0.2491972871  -0.2220907839   0.0714656930  -0.0987614316   0.0770873013
   0.0043407083   0.0135098372   0.1552600288  -0.0995874134

F          49.1340369417   46.0535407125   50.9461831337    Rank  4
  -0.2122373833
  -0.1377786096  -0.1260087305   0.1104132509
   0.1176776893   0.3951230362  -0.4131865620   0.0355736305  -0.2893726703
  -0.0280921419  -0.0846008393   0.0192814132   0.0486199227   0.0534448344
  -0.0527422570   0.0731198504
   0.1071133045   0.0731229070   0.1527296408   0.0385293025   0.1728074988
   0.0636896465   0.0796830093   0.0976694977  -0.0615104500

C          47.0154352308   47.0695874165   50.6745960537    Rank  4
   0.3849840602
   0.0590439686  -0.0332886724   0.1543154171
   0.0525010820   0.0633157517  -0.0260430142   0.0252238184  -0.0259021418
   0.3339996794   0.1519775544   0.3164362629  -0.1532528171   0.3083449916
   0.4443876024  -0.1857298216
   0.0164467812   0.0103040030   0.0656116078   0.0168067298  -0.0871492204
  -0.1031056755   0.1174460472  -0.1035309926  -0.1874268938

F          47.2568594214   47.5206546315   51.9275840765    Rank  4
  -0.1939003814
  -0.2047973559  -0.0383461284  -0.0683771284
   0.5071759324   0.1658018736   0.3634571355  -0.0260054297   0.0975499273
  -0.0722596417  -0.0524558295  -0.0675079230   0.0161274756   0.0353410868
   0.0490149308  -0.0501256017
  -0.0796483881   0.0277762094  -0.1707818809   0.0272031578  -0.2417010719
  -0.0759010292  -0.0660624441   0.0614301928   0.0429230816

F          46.3773149315   48.0400570927   49.9806741763    Rank  4
  -0.1943171645
   0.1130358592   0.1195015172  -0.1500365731
  -0.0956902332   0.2596614256  -0.4346966093  -0.1573871519  -0.3627412066
  -0.0302522992   0.0273876042   0.0232310547  -0.0630507029  -0.0768290878
  -0.0289288175  -0.0269494397
   0.1231982757   0.2706724719  -0.1346213174   0.1358448499  -0.0406938043
  -0.1014002200   0.0830289651   0.0104724357  -0.0833460400

F          48.5091726903   48.7452494393   48.6924720560    Rank  4
  -0.2142507855
   0.1369586625   0.1270276278  -0.1095558792
  -0.0147800545   0.3744511545  -0.3914704973  -0.0038518505  -0.3706065816
  -0.0736293576   0.0785373116   0.0218983194  -0.0284301806   0.0639220382
  -0.0982116423  -0.0721021680
   0.0015181264   0.0151201864  -0.0414028711  -0.0314078596   0.0693869103
   0.2073938206   0.0925251093   0.0011759479  -0.0236847922

C          49.9487060518   48.8838252343   50.5771511395    Rank  4
   0.3841256551
   0.1628242456  -0.0483901030  -0.0137754136
  -0.0596683382   0.0494250210  -0.0145454133   0.0232641327  -0.0618107834
   0.0304844719  -0.1003007330  -0.2646233154   0.1185321935  -0.6705194966
  -0.1170392534   0.1880045100
  -0.1813464453   0.2051862554   0.0776473888  -0.0594475083   0.1298001625
  -0.0560743428  -0.0619619828  -0.0715274034  -0.0236500191

F          48.9297068565   49.5355614220   51.1966364633    Rank  4
  -0.2011210018
  -0.0926547027   0.1670615077  -0.1058542615
  -0.1358626737  -0.4022936853   0.2661149572   0.2013229039  -0.3688641201
   0.0542093675  -0.0116595723  -0.0557175232  -0.0308544152   0.0385391390
  -0.0673933063  -0.0844010124
   0.0545689408  -0.1204139805   0.0570060471  -0.0417005188   0.0541825279
  -0.0592981842  -0.1419880413  -0.1343055899   0.0664422390

F          50.6028640190   48.1298713244   51.4867867094    Rank  4
  -0.1848349873
  -0.1429448399  -0.1161527542   0.1257401549
   0.1037432947   0.3744196096  -0.4330599944  -0.0526650020  -0.2724280208
   0.0490364052  -0.0759323602   0.0202994465   0.0454919324   0.0230514845
   0.0181640604   0.0436932999
   0.0743540578   0.0471129458  -0.0035510660  -0.0221029708   0.2374859824
  -0.0148451117   0.0023910845  -0.0718127737   0.0303704243

O          48.2041373243   45.9742118626   48.8851935808    Rank  4
  -0.2519488968
   0.0729402772   0.2940340778   0.1797125371
   0.4584939790  -0.5443117982   0.5731323432   0.2250789389   0.1233210411
   0.0405683432   0.2710878504   0.1297999498  -0.2333610993   0.0109395505
  -0.0303908116  -0.1697253526
   0.1934841764   0.4319909413  -0.3981081091  -0.1746694522   0.2312120989
   0.3462858960  -0.0430347856  -0.0160185463  -0.0673138187

C          48.4078952102   46.7582286474   50.0202924040    Rank  4
   0.3243696941
  -0.0071719000   0.0490016720  -0.1539614456
   0.1181183842  -0.0088215862  -0.0109729552   0.0673832387   0.0157325960
  -0.0807764279   0.0834764212  -0.4172511048   0.4161506179  -0.4828376146
  -0.3373660732   0.1613236682
  -0.0691029948   0.0881279343   0.2329601441  -0.0697615641  -0.1162485783
   0.0161750287   0.1679412885  -0.1306209046  -0.1716962414

C          49.2977729964   47.9581471810   49.4979459712    Rank  4
   0.2077794368
  -0.0937811588  -0.0935412163   0.0700153920
  -0.0195943365   0.1192523468   0.0405398689  -0.1272702933  -0.0430353720
  -0.0493787428   0.3247689007   0.2006192647  -0.1750715089   0.8048974226
   0.0879235814  -0.1355146045
  -0.2109668309   0.0997873873   0.1104430609  -0.0724352488  -0.0341609111
   0.0943019474   0.1498466964  -0.2385716636  -0.1736350470

C          50.2318570297   47.1614886702   48.5313287580    Rank  4
   0.3663646308
  -0.0321387110   0.1380723743   0.0310198753
  -0.0049457112  -0.0068317999  -0.1248572776   0.0571284029  -0.0122953624
  -0.0721939657   0.0597842682   0.2566509760   0.2925406879  -0.6306022376
   0.1876649536  -0.1083105091
  -0.0800181408  -0.1155873648  -0.0836625512   0.0336849012  -0.0372279002
   0.0330894593   0.0862684264  -0.2412107959  -0.0791844181

C          49.2867752651   46.0198582655   48.0083181549    Rank  4
   0.4634666444
  -0.0474950691  -0.0816876774  -0.0952792423
   0.0561400012  -0.0458169457   0.0263954119  -0.0023693386  -0.0536088757
  -0.3125546550  -0.4559710546   0.2383998557   0.1499558672   0.1878926767
  -0.4518719266   0.0706157053
   0.1043611723  -0.0205649680  -0.1198882793   0.1430506202  -0.0459501324
  -0.0886877189   0.0503690890  -0.0896070974   0.0944497843

F          51.2815397718   46.6208218578   49.1859172109    Rank  4
  -0.1824437708
  -0.1136076165  -0.1643255173   0.0979858030
  -0.1025382084   0.4305291044  -0.2127449738   0.2784365327  -0.3481487151
   0.0482656111  -0.0412623002   0.0408244726  -0.1102306157   0.0502320342
  -0.0409484631   0.0478439568
   0.0450466777   0.1656962878   0.0785399484  -0.0464272046   0.0357252002
  -0.0586709884   0.2963170834  -0.0886133939   0.2265345560

F          50.6851842018   47.9189600739   47.5185694087    Rank  4
  -0.1718963884
   0.1763884921  -0.0724043321  -0.1265282216
   0.2145837822  -0.3083209432  -0.4831472314  -0.1226553334   0.2305952059
  -0.0752490675  -0.0379605926  -0.0628382619  -0.0341315592   0.0846945444
   0.0555605860   0.0191332291
   0.2212844822   0.0508468916  -0.0249114452   0.0612526202  -0.2944960530
  -0.2408674812  -0.0461675434   0.0779336720  -0.0259267469

F          49.9113919674   44.8311770216   47.9779326407    Rank  4
  -0.1637270605
   0.0115997495  -0.1168774821   0.2089781661
  -0.3324010595  -0.0248747887   0.0449800258  -0.3234572161  -0.4668462044
  -0.0281297858   0.0154063201  -0.0923483838   0.0387577837   0.0076672779
   0.0477782318  -0.0275376576
  -0.0774722945  -0.0647448738   0.1578311691  -0.1565131822  -0.1013233571
  -0.0419031643  -0.0547303093   0.0714287442  -0.2703699032

F          48.8309959916   46.2802413939   46.7737513200    Rank  4
  -0.1622899756
   0.2230039131   0.0730928938  -0.0467164612
   0.5255703184   0.3414710804  -0.1896953631   0.0439346354  -0.0551358699
   0.0314473215   0.0783676793  -0.0661880406   0.0640338301   0.0034427068
  -0.0290521309  -0.0267500038
  -0.2491972871  -0.2220907839   0.0714656930  -0.0987614316   0.0770873013
   0.0043407083   0.0135098372   0.1552600288  -0.0995874134

F          49.1340369417   46.0535407125   50.9461831337    Rank  4
  -0.2122373833
  -0.1377786096  -0.1260087305   0.1104132509
   0.1176776893   0.3951230362  -0.4131865620   0.0355736305  -0.2893726703
  -0.0280921419  -0.0846008393   0.0192814132   0.0486199227   0.0534448344
  -0.0527422570   0.0731198504
   0.1071133045   0.0731229070   0.1527296408   0.0385293025   0.1728074988
   0.0636896465   0.0796830093   0.0976694977  -0.0615104500

C          47.0154352308   47.0695874165   50.6745960537    Rank  4
   0.3849840602
   0.0590439686  -0.0332886724   0.1543154171
   0.0525010820   0.0633157517  -0.0260430142   0.0252238184  -0.0259021418
   0.3339996794   0.1519775544   0.3164362629  -0.1532528171   0.3083449916
   0.4443876024  -0.1857298216
   0.0164467812   0.0103040030   0.0656116078   0.0168067298  -0.0871492204
  -0.1031056755   0.1174460472  -0.1035309926  -0.1874268938

F          47.2568594214   47.5206546315   51.9275840765    Rank  4
  -0.1939003814
  -0.2047973559  -0.0383461284  -0.0683771284
   0.5071759324   0.1658018736   0.3634571355  -0.0260054297   0.0975499273
  -0.0722596417  -0.0524558295  -0.0675079230   0.0161274756   0.0353410868
   0.0490149308  -0.0501256017
  -0.0796483881   0.0277762094  -0.1707818809   0.0272031578  -0.2417010719
  -0.0759010292  -0.0660624441   0.0614301928   0.0429230816

F          46.3773149315   48.0400570927   49.9806741763    Rank  4
  -0.1943171645
   0.1130358592   0.1195015172  -0.1500365731
  -0.0956902332   0.2596614256  -0.4346966093  -0.1573871519  -0.3627412066
  -0.0302522992   0.0273876042   0.0232310547  -0.0630507029  -0.0768290878
  -0.0289288175  -0.0269494397
   0.1231982757   0.2706724719  -0.1346213174   0.1358448499  -0.0406938043
  -0.1014002200   0.0830289651   0.0104724357  -0.0833460400

F          48.5091726903   48.7452494393   48.6924720560    Rank  4
  -0.2142507855
   0.1369586625   0.1270276278  -0.1095558792
  -0.0147800545   0.3744511545  -0.3914704973  -0.0038518505  -0.3706065816
  -0.0736293576   0.0785373116   0.0218983194  -0.0284301806   0.0639220382
  -0.0982116423  -0.0721021680
   0.0015181264   0.0151201864  -0.0414028711  -0.0314078596   0.0693869103
   0.2073938206   0.0925251093   0.0011759479  -0.0236847922

C          49.9487060518   48.8838252343   50.5771511395    Rank  4
   0.3841256551
   0.1628242456  -0.0483901030  -0.0137754136
  -0.0596683382   0.0494250210  -0.0145454133   0.0232641327  -0.0618107834
   0.0304844719  -0.1003007330  -0.2646233154   0.1185321935  -0.6705194966
  -0.1170392534   0.1880045100
  -0.1813464453   0.2051862554   0.0776473888  -0.0594475083   0.1298001625
  -0.0560743428  -0.0619619828  -0.0715274034  -0.0236500191

F          48.9297068565   49.5355614220   51.1966364633    Rank  4
  -0.2011210018
  -0.0926547027   0.1670615077  -0.1058542615
  -0.1358626737  -0.4022936853   0.2661149572   0.2013229039  -0.3688641201
   0.0542093675  -0.0116595723  -0.0557175232  -0.0308544152   0.0385391390
  -0.0673933063  -0.0844010124
   0.0545689408  -0.1204139805   0.0570060471  -0.0417005188   0.0541825279
  -0.0592981842  -0.1419880413  -0.1343055899   0.0664422390

F          50.6028640190   48.1298713244   51.4867867094    Rank  4
  -0.1848349873
  -0.1429448399  -0.1161527542   0.1257401549
   0.1037432947   0.3744196096  -0.4330599944  -0.0526650020  -0.2724280208
   0.0490364052  -0.0759323602   0.0202994465   0.0454919324   0.0230514845
   0.0181640604   0.0436932999
   0.0743540578   0.0471129458  -0.0035510660  -0.0221029708   0.2374859824
  -0.0148451117   0.0023910845  -0.0718127737   0.0303704243

O          48.2041373243   45.9742118626   48.8851935808    Rank  4
  -0.2519488968
   0.0729402772   0.2940340778   0.1797125371
   0.4584939790  -0.5443117982   0.5731323432   0.2250789389   0.1233210411
   0.0405683432   0.2710878504   0.1297999498  -0.2333610993   0.0109395505
  -0.0303908116  -0.1697253526
   0.1934841764   0.4319909413  -0.3981081091  -0.1746694522   0.2312120989
   0.3462858960  -0.0430347856  -0.0160185463  -0.0673138187

C          48.4078952102   46.7582286474   50.0202924040    Rank  4
   0.3243696941
  -0.0071719000   0.0490016720  -0.1539614456
   0.1181183842  -0.0088215862  -0.0109729552   0.0673832387   0.0157325960
  -0.0807764279   0.0834764212  -0.4172511048   0.4161506179  -0.4828376146
  -0.3373660732   0.1613236682
  -0.0691029948   0.0881279343   0.2329601441  -0.0697615641  -0.1162485783
   0.0161750287   0.1679412885  -0.1306209046  -0.1716962414

C          49.2977729964   47.9581471810   49.4979459712    Rank  4
   0.2077794368
  -0.0937811588  -0.0935412163   0.0700153920
  -0.0195943365   0.1192523468   0.0405398689  -0.1272702933  -0.0430353720
  -0.0493787428   0.3247689007   0.2006192647  -0.1750715089   0.8048974226
   0.0879235814  -0.1355146045
  -0.2109668309   0.0997873873   0.1104430609  -0.0724352488  -0.0341609111
   0.0943019474   0.1498466964  -0.2385716636  -0.1736350470

C          50.2318570297   47.1614886702   48.5313287580    Rank  4
   0.3663646308
  -0.0321387110   0.1380723743   0.0310198753
  -0.0049457112  -0.0068317999  -0.1248572776   0.0571284029  -0.0122953624
  -0.0721939657   0.0597842682   0.2566509760   0.2925406879  -0.6306022376
   0.1876649536  -0.1083105091
  -0.0800181408  -0.1155873648  -0.0836625512   0.0336849012  -0.0372279002
   0.0330894593   0.0862684264  -0.2412107959  -0.0791844181

C          49.2867752651   46.0198582655   48.0083181549    Rank  4
   0.4634666444
  -0.0474950691  -0.0816876774  -0.0952792423
   0.0561400012  -0.0458169457   0.0263954119  -0.0023693386  -0.0536088757
  -0.3125546550  -0.4559710546   0.2383998557   0.1499558672   0.1878926767
  -0.4518719266   0.0706157053
   0.1043611723  -0.0205649680  -0.1198882793   0.1430506202  -0.0459501324
  -0.0886877189   0.0503690890  -0.0896070974   0.0944497843

F          51.2815397718   46.6208218578   49.1859172109    Rank  4
  -0.1824437708
  -0.1136076165  -0.1643255173   0.0979858030
  -0.1025382084   0.4305291044  -0.2127449738   0.2784365327  -0.3481487151
   0.0482656111  -0.0412623002   0.0408244726  -0.1102306157   0.0502320342
  -0.0409484631   0.0478439568
   0.0450466777   0.1656962878   0.0785399484  -0.0464272046   0.0357252002
  -0.0586709884   0.2963170834  -0.0886133939   0.2265345560

F          50.6851842018   47.9189600739   47.5185694087    Rank  4
  -0.1718963884
   0.1763884921  -0.0724043321  -0.1265282216
   0.2145837822  -0.3083209432  -0.4831472314  -0.1226553334   0.2305952059
  -0.0752490675  -0.0379605926  -0.0628382619  -0.0341315592   0.0846945444
   0.0555605860   0.0191332291
   0.2212844822   0.0508468916  -0.0249114452   0.0612526202  -0.2944960530
  -0.2408674812  -0.0461675434   0.0779336720  -0.0259267469

F          49.9113919674   44.8311770216   47.9779326407    Rank  4
  -0.1637270605
   0.0115997495  -0.1168774821   0.2089781661
  -0.3324010595  -0.0248747887   0.0449800258  -0.3234572161  -0.4668462044
  -0.0281297858   0.0154063201  -0.0923483838   0.0387577837   0.0076672779
   0.0477782318  -0.0275376576
  -0.0774722945  -0.0647448738   0.1578311691  -0.1565131822  -0.1013233571
  -0.0419031643  -0.0547303093   0.0714287442  -0.2703699032

F          48.8309959916   46.2802413939   46.7737513200    Rank  4
  -0.1622899756
   0.2230039131   0.0730928938  -0.0467164612
   0.5255703184   0.3414710804  -0.1896953631   0.0439346354  -0.0551358699
   0.0314473215   0.0783676793  -0.0661880406   0.0640338301   0.0034427068
  -0.0290521309  -0.0267500038
  -0.2491972871  -0.2220907839   0.0714656930  -0.0987614316   0.0770873013
   0.0043407083   0.0135098372   0.1552600288  -0.0995874134

F          49.1340369417   46.0535407125   50.9461831337    Rank  4
  -0.2122373833
  -0.1377786096  -0.1260087305   0.1104132509
   0.1176776893   0.3951230362  -0.4131865620   0.0355736305  -0.2893726703
  -0.0280921419  -0.0846008393   0.0192814132   0.0486199227   0.0534448344
  -0.0527422570   0.0731198504
   0.1071133045   0.0731229070   0.1527296408   0.0385293025   0.1728074988
   0.0636896465   0.0796830093   0.0976694977  -0.0615104500

C          47.0154352308   47.0695874165   50.6745960537    Rank  4
   0.3849840602
   0.0590439686  -0.0332886724   0.1543154171
   0.0525010820   0.0633157517  -0.0260430142   0.0252238184  -0.0259021418
   0.3339996794   0.1519775544   0.3164362629  -0.1532528171   0.3083449916
   0.4443876024  -0.1857298216
   0.0164467812   0.0103040030   0.0656116078   0.0168067298  -0.0871492204
  -0.1031056755   0.1174460472  -0.1035309926  -0.1874268938

F          47.2568594214   47.5206546315   51.9275840765    Rank  4
  -0.1939003814
  -0.2047973559  -0.0383461284  -0.0683771284
   0.5071759324   0.1658018736   0.3634571355  -0.0260054297   0.0975499273
  -0.0722596417  -0.0524558295  -0.0675079230   0.0161274756   0.0353410868
   0.0490149308  -0.0501256017
  -0.0796483881   0.0277762094  -0.1707818809   0.0272031578  -0.2417010719
  -0.0759010292  -0.0660624441   0.0614301928   0.0429230816

F          46.3773149315   48.0400570927   49.9806741763    Rank  4
  -0.1943171645
   0.1130358592   0.1195015172  -0.1500365731
  -0.0956902332   0.2596614256  -0.4346966093  -0.1573871519  -0.3627412066
  -0.0302522992   0.0273876042   0.0232310547  -0.0630507029  -0.0768290878
  -0.0289288175  -0.0269494397
   0.1231982757   0.2706724719  -0.1346213174   0.1358448499  -0.0406938043
  -0.1014002200   0.0830289651   0.0104724357  -0.0833460400

F          48.5091726903   48.7452494393   48.6924720560    Rank  4
  -0.2142507855
   0.1369586625   0.1270276278  -0.1095558792
  -0.0147800545   0.3744511545  -0.3914704973  -0.0038518505  -0.3706065816
  -0.0736293576   0.0785373116   0.0218983194  -0.0284301806   0.0639220382
  -0.0982116423  -0.0721021680
   0.0015181264   0.0151201864  -0.0414028711  -0.0314078596   0.0693869103
   0.2073938206   0.0925251093   0.0011759479  -0.0236847922

C          49.9487060518   48.8838252343   50.5771511395    Rank  4
   0.3841256551
   0.1628242456  -0.0483901030  -0.0137754136
  -0.0596683382   0.0494250210  -0.0145454133   0.0232641327  -0.0618107834
   0.0304844719  -0.1003007330  -0.2646233154   0.1185321935  -0.6705194966
  -0.1170392534   0.1880045100
  -0.1813464453   0.2051862554   0.0776473888  -0.0594475083   0.1298001625
  -0.0560743428  -0.0619619828  -0.0715274034  -0.0236500191

F          48.9297068565   49.5355614220   51.1966364633    Rank  4
  -0.2011210018
  -0.0926547027   0.1670615077  -0.1058542615
  -0.1358626737  -0.4022936853   0.2661149572   0.2013229039  -0.3688641201
   0.0542093675  -0.0116595723  -0.0557175232  -0.0308544152   0.0385391390
  -0.0673933063  -0.0844010124
   0.0545689408  -0.1204139805   0.0570060471  -0.0417005188   0.0541825279
  -0.0592981842  -0.1419880413  -0.1343055899   0.0664422390

F          50.6028640190   48.1298713244   51.4867867094    Rank  4
  -0.1848349873
  -0.1429448399  -0.1161527542   0.1257401549
   0.1037432947   0.3744196096  -0.4330599944  -0.0526650020  -0.2724280208
   0.0490364052  -0.0759323602   0.0202994465   0.0454919324   0.0230514845
   0.0181640604   0.0436932999
   0.0743540578   0.0471129458  -0.0035510660  -0.0221029708   0.2374859824
  -0.0148451117   0.0023910845  -0.0718127737   0.0303704243

O          48.2041373243   45.9742118626   48.8851935808    Rank  4
  -0.2519488968
   0.0729402772   0.2940340778   0.1797125371
   0.4584939790  -0.5443117982   0.5731323432   0.2250789389   0.1233210411
   0.0405683432   0.2710878504   0.1297999498  -0.2333610993   0.0109395505
  -0.0303908116  -0.1697253526
   0.1934841764   0.4319909413  -0.3981081091  -0.1746694522   0.2312120989
   0.3462858960  -0.0430347856  -0.0160185463  -0.0673138187

C          48.4078952102   46.7582286474   50.0202924040    Rank  4
   0.3243696941
  -0.0071719000   0.0490016720  -0.1539614456
   0.1181183842  -0.0088215862  -0.0109729552   0.0673832387   0.0157325960
  -0.0807764279   0.0834764212  -0.4172511048   0.4161506179  -0.4828376146
  -0.3373660732   0.1613236682
  -0.0691029948   0.0881279343   0.2329601441  -0.0697615641  -0.1162485783
   0.0161750287   0.1679412885  -0.1306209046  -0.1716962414

C          49.2977729964   47.9581471810   49.4979459712    Rank  4
   0.2077794368
  -0.0937811588  -0.0935412163   0.0700153920
  -0.0195943365   0.1192523468   0.0405398689  -0.1272702933  -0.0430353720
  -0.0493787428   0.3247689007   0.2006192647  -0.1750715089   0.8048974226
   0.0879235814  -0.1355146045
  -0.2109668309   0.0997873873   0.1104430609  -0.0724352488  -0.0341609111
   0.0943019474   0.1498466964  -0.2385716636  -0.1736350470

C          50.2318570297   47.1614886702   48.5313287580    Rank  4
   0.3663646308
  -0.0321387110   0.1380723743   0.0310198753
  -0.0049457112  -0.0068317999  -0.1248572776   0.0571284029  -0.0122953624
  -0.0721939657   0.0597842682   0.2566509760   0.2925406879  -0.6306022376
   0.1876649536  -0.1083105091
  -0.0800181408  -0.1155873648  -0.0836625512   0.0336849012  -0.0372279002
   0.0330894593   0.0862684264  -0.2412107959  -0.0791844181

C          49.2867752651   46.0198582655   48.0083181549    Rank  4
   0.4634666444
  -0.0474950691  -0.0816876774  -0.0952792423
   0.0561400012  -0.0458169457   0.0263954119  -0.0023693386  -0.0536088757
  -0.3125546550  -0.4559710546   0.2383998557   0.1499558672   0.1878926767
  -0.4518719266   0.0706157053
   0.1043611723  -0.0205649680  -0.1198882793   0.1430506202  -0.0459501324
  -0.0886877189   0.0503690890  -0.0896070974   0.0944497843

F          51.2815397718   46.6208218578   49.1859172109    Rank  4
  -0.1824437708
  -0.1136076165  -0.1643255173   0.0979858030
  -0.1025382084   0.4305291044  -0.2127449738   0.2784365327  -0.3481487151
   0.0482656111  -0.0412623002   0.0408244726  -0.1102306157   0.0502320342
  -0.0409484631   0.0478439568
   0.0450466777   0.1656962878   0.0785399484  -0.0464272046   0.0357252002
  -0.0586709884   0.2963170834  -0.0886133939   0.2265345560

F          50.6851842018   47.9189600739   47.5185694087    Rank  4
  -0.1718963884
   0.1763884921  -0.0724043321  -0.1265282216
   0.2145837822  -0.3083209432  -0.4831472314  -0.1226553334   0.2305952059
  -0.0752490675  -0.0379605926  -0.0628382619  -0.0341315592   0.0846945444
   0.0555605860   0.0191332291
   0.2212844822   0.0508468916  -0.0249114452   0.0612526202  -0.2944960530
  -0.2408674812  -0.0461675434   0.0779336720  -0.0259267469

F          49.9113919674   44.8311770216   47.9779326407    Rank  4
  -0.1637270605
   0.0115997495  -0.1168774821   0.2089781661
  -0.3324010595  -0.0248747887   0.0449800258  -0.3234572161  -0.4668462044
  -0.0281297858   0.0154063201  -0.0923483838   0.0387577837   0.0076672779
   0.0477782318  -0.0275376576
  -0.0774722945  -0.0647448738   0.1578311691  -0.1565131822  -0.1013233571
  -0.0419031643  -0.0547303093   0.0714287442  -0.2703699032

F          48.8309959916   46.2802413939   46.7737513200    Rank  4
  -0.1622899756
   0.2230039131   0.0730928938  -0.0467164612
   0.5255703184   0.3414710804  -0.1896953631   0.0439346354  -0.0551358699
   0.0314473215   0.0783676793  -0.0661880406   0.0640338301   0.0034427068
  -0.0290521309  -0.0267500038
  -0.2491972871  -0.2220907839   0.0714656930  -0.0987614316   0.0770873013
   0.0043407083   0.0135098372   0.1552600288  -0.0995874134

F          49.1340369417   46.0535407125   50.9461831337    Rank  4
  -0.2122373833
  -0.1377786096  -0.1260087305   0.1104132509
   0.1176776893   0.3951230362  -0.4131865620   0.0355736305  -0.2893726703
  -0.0280921419  -0.0846008393   0.0192814132   0.0486199227   0.0534448344
  -0.0527422570   0.0731198504
   0.1071133045   0.0731229070   0.1527296408   0.0385293025   0.1728074988
   0.0636896465   0.0796830093   0.0976694977  -0.0615104500

C          47.0154352308   47.0695874165   50.6745960537    Rank  4
   0.3849840602
   0.0590439686  -0.0332886724   0.1543154171
   0.0525010820   0.0633157517  -0.0260430142   0.0252238184  -0.0259021418
   0.3339996794   0.1519775544   0.3164362629  -0.1532528171   0.3083449916
   0.4443876024  -0.1857298216
   0.0164467812   0.0103040030   0.0656116078   0.0168067298  -0.0871492204
  -0.1031056755   0.1174460472  -0.1035309926  -0.1874268938

F          47.2568594214   47.5206546315   51.9275840765    Rank  4
  -0.1939003814
  -0.2047973559  -0.0383461284  -0.0683771284
   0.5071759324   0.1658018736   0.3634571355  -0.0260054297   0.0975499273
  -0.0722596417  -0.0524558295  -0.0675079230   0.0161274756   0.0353410868
   0.0490149308  -0.0501256017
  -0.0796483881   0.0277762094  -0.1707818809   0.0272031578  -0.2417010719
  -0.0759010292  -0.0660624441   0.0614301928   0.0429230816

F          46.3773149315   48.0400570927   49.9806741763    Rank  4
  -0.1943171645
   0.1130358592   0.1195015172  -0.1500365731
  -0.0956902332   0.2596614256  -0.4346966093  -0.1573871519  -0.3627412066
  -0.0302522992   0.0273876042   0.0232310547  -0.0630507029  -0.0768290878
  -0.0289288175  -0.0269494397
   0.1231982757   0.2706724719  -0.1346213174   0.1358448499  -0.0406938043
  -0.1014002200   0.0830289651   0.0104724357  -0.0833460400

F          48.5091726903   48.7452494393   48.6924720560    Rank  4
  -0.2142507855
   0.1369586625   0.1270276278  -0.1095558792
  -0.0147800545   0.3744511545  -0.3914704973  -0.0038518505  -0.3706065816
  -0.0736293576   0.0785373116   0.0218983194  -0.0284301806   0.0639220382
  -0.0982116423  -0.0721021680
   0.0015181264   0.0151201864  -0.0414028711  -0.0314078596   0.0693869103
   0.2073938206   0.0925251093   0.0011759479  -0.0236847922

C          49.9487060518   48.8838252343   50.5771511395    Rank  4
   0.3841256551
   0.1628242456  -0.0483901030  -0.0137754136
  -0.0596683382   0.0494250210  -0.0145454133   0.0232641327  -0.0618107834
   0.0304844719  -0.1003007330  -0.2646233154   0.1185321935  -0.6705194966
  -0.1170392534   0.1880045100
  -0.1813464453   0.2051862554   0.0776473888  -0.0594475083   0.1298001625
  -0.0560743428  -0.0619619828  -0.0715274034  -0.0236500191

F          48.9297068565   49.5355614220   51.1966364633    Rank  4
  -0.2011210018
  -0.0926547027   0.1670615077  -0.1058542615
  -0.1358626737  -0.4022936853   0.2661149572   0.2013229039  -0.3688641201
   0.0542093675  -0.0116595723  -0.0557175232  -0.0308544152   0.0385391390
  -0.0673933063  -0.0844010124
   0.0545689408  -0.1204139805   0.0570060471  -0.0417005188   0.0541825279
  -0.0592981842  -0.1419880413  -0.1343055899   0.0664422390

F          50.6028640190   48.1298713244   51.4867867094    Rank  4
  -0.1848349873
  -0.1429448399  -0.1161527542   0.1257401549
   0.1037432947   0.3744196096  -0.4330599944  -0.0526650020  -0.2724280208
   0.0490364052  -0.0759323602   0.0202994465   0.0454919324   0.0230514845
   0.0181640604   0.0436932999
   0.0743540578   0.0471129458  -0.0035510660  -0.0221029708   0.2374859824
  -0.0148451117   0.0023910845  -0.0718127737   0.0303704243

O          48.2041373243   45.9742118626   48.8851935808    Rank  4
  -0.2519488968
   0.0729402772   0.2940340778   0.1797125371
   0.4584939790  -0.5443117982   0.5731323432   0.2250789389   0.1233210411
   0.0405683432   0.2710878504   0.1297999498  -0.2333610993   0.0109395505
  -0.0303908116  -0.1697253526
   0.1934841764   0.4319909413  -0.3981081091  -0.1746694522   0.2312120989
   0.3462858960  -0.0430347856  -0.0160185463  -0.0673138187

C          48.4078952102   46.7582286474   50.0202924040    Rank  4
   0.3243696941
  -0.0071719000   0.0490016720  -0.1539614456
   0.1181183842  -0.0088215862  -0.0109729552   0.0673832387   0.0157325960
  -0.0807764279   0.0834764212  -0.4172511048   0.4161506179  -0.4828376146
  -0.3373660732   0.1613236682
  -0.0691029948   0.0881279343   0.2329601441  -0.0697615641  -0.1162485783
   0.0161750287   0.1679412885  -0.1306209046  -0.1716962414

C          49.2977729964   47.9581471810   49.4979459712    Rank  4
   0.2077794368
  -0.0937811588  -0.0935412163   0.0700153920
  -0.0195943365   0.1192523468   0.0405398689  -0.1272702933  -0.0430353720
  -0.0493787428   0.3247689007   0.2006192647  -0.1750715089   0.8048974226
   0.0879235814  -0.1355146045
  -0.2109668309   0.0997873873   0.1104430609  -0.0724352488  -0.0341609111
   0.0943019474   0.1498466964  -0.2385716636  -0.1736350470

C          50.2318570297   47.1614886702   48.5313287580    Rank  4
   0.3663646308
  -0.0321387110   0.1380723743   0.0310198753
  -0.0049457112  -0.0068317999  -0.1248572776   0.0571284029  -0.0122953624
  -0.0721939657   0.0597842682   0.2566509760   0.2925406879  -0.6306022376
   0.1876649536  -0.1083105091
  -0.0800181408  -0.1155873648  -0.0836625512   0.0336849012  -0.0372279002
   0.0330894593   0.0862684264  -0.2412107959  -0.0791844181

C          49.2867752651   46.0198582655   48.0083181549    Rank  4
   0.4634666444
  -0.0474950691  -0.0816876774  -0.0952792423
   0.0561400012  -0.0458169457   0.0263954119  -0.0023693386  -0.0536088757
  -0.3125546550  -0.4559710546   0.2383998557   0.1499558672   0.1878926767
  -0.4518719266   0.0706157053
   0.1043611723  -0.0205649680  -0.1198882793   0.1430506202  -0.0459501324
  -0.0886877189   0.0503690890  -0.0896070974   0.0944497843

F          51.2815397718   46.6208218578   49.1859172109    Rank  4
  -0.1824437708
  -0.1136076165  -0.1643255173   0.0979858030
  -0.1025382084   0.4305291044  -0.2127449738   0.2784365327  -0.3481487151
   0.0482656111  -0.0412623002   0.0408244726  -0.1102306157   0.0502320342
  -0.0409484631   0.0478439568
   0.0450466777   0.1656962878   0.0785399484  -0.0464272046   0.0357252002
  -0.0586709884   0.2963170834  -0.0886133939   0.2265345560

F          50.6851842018   47.9189600739   47.5185694087    Rank  4
  -0.1718963884
   0.1763884921  -0.0724043321  -0.1265282216
   0.2145837822  -0.3083209432  -0.4831472314  -0.1226553334   0.2305952059
  -0.0752490675  -0.0379605926  -0.0628382619  -0.0341315592   0.0846945444
   0.0555605860   0.0191332291
   0.2212844822   0.0508468916  -0.0249114452   0.0612526202  -0.2944960530
  -0.2408674812  -0.0461675434   0.0779336720  -0.0259267469

F          49.9113919674   44.8311770216   47.9779326407    Rank  4
  -0.1637270605
   0.0115997495  -0.1168774821   0.2089781661
  -0.3324010595  -0.0248747887   0.0449800258  -0.3234572161  -0.4668462044
  -0.0281297858   0.0154063201  -0.0923483838   0.0387577837   0.0076672779
   0.0477782318  -0.0275376576
  -0.0774722945  -0.0647448738   0.1578311691  -0.1565131822  -0.1013233571
  -0.0419031643  -0.0547303093   0.0714287442  -0.2703699032

F          48.8309959916   46.2802413939   46.7737513200    Rank  4
  -0.1622899756
   0.2230039131   0.0730928938  -0.0467164612
   0.5255703184   0.3414710804  -0.1896953631   0.0439346354  -0.0551358699
   0.0314473215   0.0783676793  -0.0661880406   0.0640338301   0.0034427068
  -0.0290521309  -0.0267500038
  -0.2491972871  -0.2220907839   0.0714656930  -0.0987614316   0.0770873013
   0.0043407083   0.0135098372   0.1552600288  -0.0995874134

F          49.1340369417   46.0535407125   50.9461831337    Rank  4
  -0.2122373833
  -0.1377786096  -0.1260087305   0.1104132509
   0.1176776893   0.3951230362  -0.4131865620   0.0355736305  -0.2893726703
  -0.0280921419  -0.0846008393   0.0192814132   0.0486199227   0.0534448344
  -0.0527422570   0.0731198504
   0.1071133045   0.0731229070   0.1527296408   0.0385293025   0.1728074988
   0.0636896465   0.0796830093   0.0976694977  -0.0615104500

C          47.0154352308   47.0695874165   50.6745960537    Rank  4
   0.3849840602
   0.0590439686  -0.0332886724   0.1543154171
   0.0525010820   0.0633157517  -0.0260430142   0.0252238184  -0.0259021418
   0.3339996794   0.1519775544   0.3164362629  -0.1532528171   0.3083449916
   0.4443876024  -0.1857298216
   0.0164467812   0.0103040030   0.0656116078   0.0168067298  -0.0871492204
  -0.1031056755   0.1174460472  -0.1035309926  -0.1874268938

F          47.2568594214   47.5206546315   51.9275840765    Rank  4
  -0.1939003814
  -0.2047973559  -0.0383461284  -0.0683771284
   0.5071759324   0.1658018736   0.3634571355  -0.0260054297   0.0975499273
  -0.0722596417  -0.0524558295  -0.0675079230   0.0161274756   0.0353410868
   0.0490149308  -0.0501256017
  -0.0796483881   0.0277762094  -0.1707818809   0.0272031578  -0.2417010719
  -0.0759010292  -0.0660624441   0.0614301928   0.0429230816

F          46.3773149315   48.0400570927   49.9806741763    Rank  4
  -0.1943171645
   0.1130358592   0.1195015172  -0.1500365731
  -0.0956902332   0.2596614256  -0.4346966093  -0.1573871519  -0.3627412066
  -0.0302522992   0.0273876042   0.0232310547  -0.0630507029  -0.0768290878
  -0.0289288175  -0.0269494397
   0.1231982757   0.2706724719  -0.1346213174   0.1358448499  -0.0406938043
  -0.1014002200   0.0830289651   0.0104724357  -0.0833460400

F          48.5091726903   48.7452494393   48.6924720560    Rank  4
  -0.2142507855
   0.1369586625   0.1270276278  -0.1095558792
  -0.0147800545   0.3744511545  -0.3914704973  -0.0038518505  -0.3706065816
  -0.0736293576   0.0785373116   0.0218983194  -0.0284301806   0.0639220382
  -0.0982116423  -0.0721021680
   0.0015181264   0.0151201864  -0.0414028711  -0.0314078596   0.0693869103
   0.2073938206   0.0925251093   0.0011759479  -0.0236847922

C          49.9487060518   48.8838252343   50.5771511395    Rank  4
   0.3841256551
   0.1628242456  -0.0483901030  -0.0137754136
  -0.0596683382   0.0494250210  -0.0145454133   0.0232641327  -0.0618107834
   0.0304844719  -0.1003007330  -0.2646233154   0.1185321935  -0.6705194966
  -0.1170392534   0.1880045100
  -0.1813464453   0.2051862554   0.0776473888  -0.0594475083   0.1298001625
  -0.0560743428  -0.0619619828  -0.0715274034  -0.0236500191

F          48.9297068565   49.5355614220   51.1966364633    Rank  4
  -0.2011210018
  -0.0926547027   0.1670615077  -0.1058542615
  -0.1358626737  -0.4022936853   0.2661149572   0.2013229039  -0.3688641201
   0.0542093675  -0.0116595723  -0.0557175232  -0.0308544152   0.0385391390
  -0.0673933063  -0.0844010124
   0.0545689408  -0.1204139805   0.0570060471  -0.0417005188   0.0541825279
  -0.0592981842  -0.1419880413  -0.1343055899   0.0664422390

F          50.6028640190   48.1298713244   51.4867867094    Rank  4
  -0.1848349873
  -0.1429448399  -0.1161527542   0.1257401549
   0.1037432947   0.3744196096  -0.4330599944  -0.0526650020  -0.2724280208
   0.0490364052  -0.0759323602   0.0202994465   0.0454919324   0.0230514845
   0.0181640604   0.0436932999
   0.0743540578   0.0471129458  -0.0035510660  -0.0221029708   0.2374859824
  -0.0148451117   0.0023910845  -0.0718127737   0.0303704243

O          48.2041373243   45.9742118626   48.8851935808    Rank  4
  -0.2519488968
   0.0729402772   0.2940340778   0.1797125371
   0.4584939790  -0.5443117982   0.5731323432   0.2250789389   0.1233210411
   0.0405683432   0.2710878504   0.1297999498  -0.2333610993   0.0109395505
  -0.0303908116  -0.1697253526
   0.1934841764   0.4319909413  -0.3981081091  -0.1746694522   0.2312120989
   0.3462858960  -0.0430347856  -0.0160185463  -0.0673138187

C          48.4078952102   46.7582286474   50.0202924040    Rank  4
   0.3243696941
  -0.0071719000   0.0490016720  -0.1539614456
   0.1181183842  -0.0088215862  -0.0109729552   0.0673832387   0.0157325960
  -0.0807764279   0.0834764212  -0.4172511048   0.4161506179  -0.4828376146
  -0.3373660732   0.1613236682
  -0.0691029948   0.0881279343   0.2329601441  -0.0697615641  -0.1162485783
   0.0161750287   0.1679412885  -0.1306209046  -0.1716962414

C          49.2977729964   47.9581471810   49.4979459712    Rank  4
   0.2077794368
  -0.0937811588  -0.0935412163   0.0700153920
  -0.0195943365   0.1192523468   0.0405398689  -0.1272702933  -0.0430353720
  -0.0493787428   0.3247689007   0.2006192647  -0.1750715089   0.8048974226
   0.0879235814  -0.1355146045
  -0.2109668309   0.0997873873   0.1104430609  -0.0724352488  -0.0341609111
   0.0943019474   0.1498466964  -0.2385716636  -0.1736350470

C          50.2318570297   47.1614886702   48.5313287580    Rank  4
   0.3663646308
  -0.0321387110   0.1380723743   0.0310198753
  -0.0049457112  -0.0068317999  -0.1248572776   0.0571284029  -0.0122953624
  -0.0721939657   0.0597842682   0.2566509760   0.2925406879  -0.6306022376
   0.1876649536  -0.1083105091
  -0.0800181408  -0.1155873648  -0.0836625512   0.0336849012  -0.0372279002
   0.0330894593   0.0862684264  -0.2412107959  -0.0791844181

C          49.2867752651   46.0198582655   48.0083181549    Rank  4
   0.4634666444
  -0.0474950691  -0.0816876774  -0.0952792423
   0.0561400012  -0.0458169457   0.0263954119  -0.0023693386  -0.0536088757
  -0.3125546550  -0.4559710546   0.2383998557   0.1499558672   0.1878926767
  -0.4518719266   0.0706157053
   0.1043611723  -0.0205649680  -0.1198882793   0.1430506202  -0.0459501324
  -0.0886877189   0.0503690890  -0.0896070974   0.0944497843

F          51.2815397718   46.6208218578   49.1859172109    Rank  4
  -0.1824437708
  -0.1136076165  -0.1643255173   0.0979858030
  -0.1025382084   0.4305291044  -0.2127449738   0.2784365327  -0.3481487151
   0.0482656111  -0.0412623002   0.0408244726  -0.1102306157   0.0502320342
  -0.0409484631   0.0478439568
   0.0450466777   0.1656962878   0.0785399484  -0.0464272046   0.0357252002
  -0.0586709884   0.2963170834  -0.0886133939   0.2265345560

F          50.6851842018   47.9189600739   47.5185694087    Rank  4
  -0.1718963884
   0.1763884921  -0.0724043321  -0.1265282216
   0.2145837822  -0.3083209432  -0.4831472314  -0.1226553334   0.2305952059
  -0.0752490675  -0.0379605926  -0.0628382619  -0.0341315592   0.0846945444
   0.0555605860   0.0191332291
   0.2212844822   0.0508468916  -0.0249114452   0.0612526202  -0.2944960530
  -0.2408674812  -0.0461675434   0.0779336720  -0.0259267469

F          49.9113919674   44.8311770216   47.9779326407    Rank  4
  -0.1637270605
   0.0115997495  -0.1168774821   0.2089781661
  -0.3324010595  -0.0248747887   0.0449800258  -0.3234572161  -0.4668462044
  -0.0281297858   0.0154063201  -0.0923483838   0.0387577837   0.0076672779
   0.0477782318  -0.0275376576
  -0.0774722945  -0.0647448738   0.1578311691  -0.1565131822  -0.1013233571
  -0.0419031643  -0.0547303093   0.0714287442  -0.2703699032

F          48.8309959916   46.2802413939   46.7737513200    Rank  4
  -0.1622899756
   0.2230039131   0.0730928938  -0.0467164612
   0.5255703184   0.3414710804  -0.1896953631   0.0439346354  -0.0551358699
   0.0314473215   0.0783676793  -0.0661880406   0.0640338301   0.0034427068
  -0.0290521309  -0.0267500038
  -0.2491972871  -0.2220907839   0.0714656930  -0.0987614316   0.0770873013
   0.0043407083   0.0135098372   0.1552600288  -0.0995874134

F          49.1340369417   46.0535407125   50.9461831337    Rank  4
  -0.2122373833
  -0.1377786096  -0.1260087305   0.1104132509
   0.1176776893   0.3951230362  -0.4131865620   0.0355736305  -0.2893726703
  -0.0280921419  -0.0846008393   0.0192814132   0.0486199227   0.0534448344
  -0.0527422570   0.0731198504
   0.1071133045   0.0731229070   0.1527296408   0.0385293025   0.1728074988
   0.0636896465   0.0796830093   0.0976694977  -0.0615104500

C          47.0154352308   47.0695874165   50.6745960537    Rank  4
   0.3849840602
   0.0590439686  -0.0332886724   0.1543154171
   0.0525010820   0.0633157517  -0.0260430142   0.0252238184  -0.0259021418
   0.3339996794   0.1519775544   0.3164362629  -0.1532528171   0.3083449916
   0.4443876024  -0.1857298216
   0.0164467812   0.0103040030   0.0656116078   0.0168067298  -0.0871492204
  -0.1031056755   0.1174460472  -0.1035309926  -0.1874268938

F          47.2568594214   47.5206546315   51.9275840765    Rank  4
  -0.1939003814
  -0.2047973559  -0.0383461284  -0.0683771284
   0.5071759324   0.1658018736   0.3634571355  -0.0260054297   0.0975499273
  -0.0722596417  -0.0524558295  -0.0675079230   0.0161274756   0.0353410868
   0.0490149308  -0.0501256017
  -0.0796483881   0.0277762094  -0.1707818809   0.0272031578  -0.2417010719
  -0.0759010292  -0.0660624441   0.0614301928   0.0429230816

F          46.3773149315   48.0400570927   49.9806741763    Rank  4
  -0.1943171645
   0.1130358592   0.1195015172  -0.1500365731
  -0.0956902332   0.2596614256  -0.4346966093  -0.1573871519  -0.3627412066
  -0.0302522992   0.0273876042   0.0232310547  -0.0630507029  -0.0768290878
  -0.0289288175  -0.0269494397
   0.1231982757   0.2706724719  -0.1346213174   0.1358448499  -0.0406938043
  -0.1014002200   0.0830289651   0.0104724357  -0.0833460400

F          48.5091726903   48.7452494393   48.6924720560    Rank  4
  -0.2142507855
   0.1369586625   0.1270276278  -0.1095558792
  -0.0147800545   0.3744511545  -0.3914704973  -0.0038518505  -0.3706065816
  -0.0736293576   0.0785373116   0.0218983194  -0.0284301806   0.0639220382
  -0.0982116423  -0.0721021680
   0.0015181264   0.0151201864  -0.0414028711  -0.0314078596   0.0693869103
   0.2073938206   0.0925251093   0.0011759479  -0.0236847922

C          49.9487060518   48.8838252343   50.5771511395    Rank  4
   0.3841256551
   0.1628242456  -0.0483901030  -0.0137754136
  -0.0596683382   0.0494250210  -0.0145454133   0.0232641327  -0.0618107834
   0.0304844719  -0.1003007330  -0.2646233154   0.1185321935  -0.6705194966
  -0.1170392534   0.1880045100
  -0.1813464453   0.2051862554   0.0776473888  -0.0594475083   0.1298001625
  -0.0560743428  -0.0619619828  -0.0715274034  -0.0236500191

F          48.9297068565   49.5355614220   51.1966364633    Rank  4
  -0.2011210018
  -0.0926547027   0.1670615077  -0.1058542615
  -0.1358626737  -0.4022936853   0.2661149572   0.2013229039  -0.3688641201
   0.0542093675  -0.0116595723  -0.0557175232  -0.0308544152   0.0385391390
  -0.0673933063  -0.0844010124
   0.0545689408  -0.1204139805   0.0570060471  -0.0417005188   0.0541825279
  -0.0592981842  -0.1419880413  -0.1343055899   0.0664422390

F          50.6028640190   48.1298713244   51.4867867094    Rank  4
  -0.1848349873
  -0.1429448399  -0.1161527542   0.1257401549
   0.1037432947   0.3744196096  -0.4330599944  -0.0526650020  -0.2724280208
   0.0490364052  -0.0759323602   0.0202994465   0.0454919324   0.0230514845
   0.0181640604   0.0436932999
   0.0743540578   0.0471129458  -0.0035510660  -0.0221029708   0.2374859824
  -0.0148451117   0.0023910845  -0.0718127737   0.0303704243

O          52.6384424822   55.1422550925   47.6925973251    Rank  4
  -0.2518282642
  -0.1296850245   0.3052327678   0.1137089544
  -0.0985685158   0.3118647294  -0.8254361463   0.0948221049  -0.3309405408
  -0.0702582168  -0.0824180439   0.0883853412   0.3128476396   0.1151593147
   0.0701441406  -0.2137382362
   0.4243110849   0.1731711177  -0.2043476520   0.4728996712   0.2340459981
   0.2746639698   0.1033689914  -0.0397108619  -0.0176444741

C          53.8981536485   54.7073846690   48.1001988765    Rank  4
   0.3237960913
  -0.1273835445  -0.0761606518  -0.0647980681
  -0.0482093037  -0.0440013580  -0.0623741437  -0.0349465586  -0.0964585551
   0.3873802045  -0.0278582101  -0.5048428569  -0.1285194616   0.2873335273
  -0.4286829695   0.2311461228
   0.1115031567  -0.0268197808  -0.1209093620  -0.1211216762  -0.2064485759
  -0.0696790159  -0.1658880932  -0.1297029979  -0.1533564776

C          54.8081532394   55.9938864370   47.9827324367    Rank  4
   0.2060364612
   0.1053254749  -0.0569595334   0.0860135726
  -0.0097748995   0.0733707284   0.1444423093   0.0816866197  -0.0120205667
  -0.1498673293  -0.3539569453   0.5208185279  -0.0389586999   0.1788565021
   0.6214811655  -0.2043224108
   0.1639569129   0.0800313417  -0.1048994708  -0.0961459301  -0.2617051078
  -0.0040485100  -0.1167683520   0.0426809918  -0.1618612596

C          54.2123875432   56.5998086314   46.6702846338    Rank  4
   0.3648975738
  -0.0987434236   0.0676729266   0.0802934315
   0.0199993613  -0.0889339631   0.0196224418  -0.1019221674   0.0093719303
   0.0398243323   0.4719265823  -0.4070514923  -0.0412461780   0.0180936561
  -0.2484083829  -0.4068515741
   0.1192302560   0.1049416062   0.0310861824  -0.0208572478  -0.2311734865
  -0.0507132194  -0.0073396452   0.0724080709   0.0847328927

C          52.7073321474   56.1522919309   46.7347730263    Rank  4
   0.4632824538
   0.0069980753  -0.1300994429  -0.0351271677
   0.0255232385   0.0489175407  -0.0346003163  -0.0269808586  -0.0614453830
  -0.3001389822  -0.2226133547  -0.4709626981  -0.2295443272  -0.2413259899
   0.3006062441   0.2650732574
   0.0121746338   0.1431340546   0.0393218226  -0.0938894935   0.0477433682
  -0.0336161266   0.0585713853  -0.0426517292   0.1866288587

F          54.7985232725   56.0809778932   45.5707436086    Rank  4
  -0.1837739525
   0.1774119959  -0.0980236862   0.0958032927
   0.3440007398  -0.4246275959   0.3410027557   0.0226480931  -0.1966411093
  -0.0195934710  -0.0431264838   0.0510119333   0.0641047214  -0.0943548334
   0.0110740299   0.0041346692
  -0.0067053739   0.2747570558  -0.0985416864  -0.1118054100   0.1948281348
  -0.0857260105  -0.1785399534   0.0430295757  -0.1150659717

F          54.3171027173   57.9390275624   46.6381893480    Rank  4
  -0.1737993294
   0.0009026265  -0.0201502097  -0.2306787379
  -0.3221005496   0.0002782667  -0.0445655548  -0.5833165500   0.1014821778
   0.0173933172   0.0510708961   0.0669104880  -0.0083321294  -0.0272645114
   0.0514880138   0.0582613314
  -0.1561350899  -0.1496474224  -0.0727273995  -0.1041033798   0.0677492068
   0.1689127140  -0.0197449063  -0.3599426054   0.1754081304

F          52.2711703727   55.6987431394   45.5483089291    Rank  4
  -0.1636630490
   0.2149545795   0.0756045673   0.0730496772
   0.4471205927   0.3417700357   0.3222414336   0.0052331046   0.1282947095
   0.0288526397   0.0508120827   0.0347173327  -0.0315494715   0.0822453896
  -0.0067605630   0.0467545102
  -0.0083581951  -0.3216235630  -0.0898672302  -0.0205653557  -0.1881343539
   0.0342387738  -0.0903205993  -0.0260755539  -0.0700926637

F          51.9068386893   57.1596310239   47.1138119202    Rank  4
  -0.1623287428
  -0.0611952679   0.1384575159  -0.1851564121
  -0.2698115391  -0.1837996320   0.2172006838  -0.1172056358  -0.5187822450
   0.0301444857  -0.0428165059   0.0125252087  -0.0313749595   0.1042066412
  -0.0412610365  -0.0190899146
  -0.1300017829  -0.2111397092  -0.0254661960   0.0281410676  -0.1191440804
  -0.0987170461  -0.0161601920   0.2880404457  -0.0994463822

F          54.3760287164   53.7708643038   47.2181845578    Rank  4
  -0.2141242220
   0.1497362904  -0.0833267834   0.1350656666
   0.0747233782  -0.2806369827   0.4811610003  -0.2240215538  -0.2586832981
  -0.0089108185  -0.0343221980  -0.0471234486  -0.0777124998  -0.0657475471
   0.0202059076   0.0485483272
   0.1065596546  -0.1088724273  -0.0214851753   0.0406776118   0.1172526530
  -0.1162218700   0.0557237948  -0.1390304021  -0.1876809175

C          53.7554107417   53.9956804793   49.4917385638    Rank  4
   0.3845651524
   0.1220024047   0.1116049531   0.0277938110
  -0.0114483190  -0.0448006231   0.0369257084  -0.0070952307  -0.0738651149
  -0.2271516752   0.0589940622   0.5632429122   0.0021321048  -0.1020083344
   0.1075904062  -0.4410914031
   0.1169531275  -0.0653980340  -0.0946672877  -0.1646560068  -0.1273353638
  -0.0505082944  -0.0452437854  -0.0694250967   0.0293319857

F          54.8982144381   53.3044342806   49.7071004063    Rank  4
  -0.1936593132
  -0.0320121858  -0.1875647495   0.1120104784
  -0.3052426501   0.1464937788  -0.1312852414   0.2566268561  -0.4829596579
  -0.0164918224   0.0980947562   0.0406371227  -0.0335137976   0.0405316861
   0.0489701669   0.0457768995
  -0.2143512152   0.0819840612  -0.1237255845   0.0243300138   0.0147396801
   0.1617498085  -0.0079368237   0.0298769148   0.0949928232

F          53.6129133732   54.9166451512   50.4729570463    Rank  4
  -0.1948329863
  -0.1672230298   0.0345667039  -0.1431488753
   0.1928149926  -0.1018667957   0.5518738410  -0.2674084182  -0.0484295931
  -0.0021637424   0.0341626039  -0.0425351009   0.0944708014   0.0118858590
  -0.0050005395  -0.0224601755
   0.1117796816   0.0823994598  -0.2102583050  -0.1025896834   0.1552494912
   0.0675440222   0.1155448524  -0.1581095868   0.0843995525

F          54.4582475089   56.8659821227   48.9877707201    Rank  4
  -0.2181352845
  -0.1512177977   0.0580222268  -0.1443785757
   0.2222670335  -0.2181223967   0.5313312573  -0.2049637923  -0.1848104618
  -0.0233489408  -0.0578470153  -0.0172911674   0.0345823875   0.0854652251
   0.1265765971  -0.0552547040
   0.0859215001   0.1678507262  -0.0052993642   0.1700620106   0.0495519784
  -0.0768832413  -0.0585188524   0.1228642643  -0.1023071822

C          56.3506577127   55.7910586330   48.0678023302    Rank  4
   0.3766358719
   0.0437672768   0.0570763767  -0.1510912626
   0.0743606642  -0.0370674614   0.0502647663   0.0341343415   0.0113772991
   0.2527544538   0.2092251154  -0.4488398450   0.0660679894  -0.0322307619
  -0.5269192578   0.2109521684
   0.0714736031   0.0342352917  -0.0187225730  -0.0877226012  -0.0848008680
   0.1692011902   0.0027918559  -0.0032373784  -0.2086041343

F          56.7622623310   54.8721429353   47.1657044663    Rank  4
  -0.1809560995
   0.1606067034  -0.0723148502   0.1398010982
   0.0923137235  -0.2346739378   0.5216255597  -0.2156667155  -0.2207969899
  -0.0280585064   0.0102060157   0.0192225670  -0.0985056899  -0.0686283985
  -0.0584276933  -0.0352041525
   0.1404663993   0.0164702194   0.1163033135   0.0890529484   0.1740668983
  -0.0845945516  -0.0038008885   0.0074077792  -0.1956800361

F          56.6290980609   55.3336336184   49.3163217689    Rank  4
  -0.1934888351
  -0.2059230407  -0.0404168641   0.0656027988
   0.4924155465   0.2050393136  -0.3931047740  -0.0426289939  -0.0697186388
  -0.0827969506  -0.0187304086   0.0805797829   0.0453618127   0.0419637970
  -0.0842140968  -0.0004734231
  -0.0335757417  -0.1100706435   0.2606402258   0.1286027728   0.1386896870
   0.0476907153  -0.0131278646  -0.1529950210  -0.0741003118

C          57.2366374208   57.0645447584   47.8574272420    Rank  4
   0.5097335159
  -0.0191261693   0.0734432888   0.0991487582
   0.0385238509   0.0172621511   0.0089011314   0.0018120905  -0.0653111025
  -0.3090856065  -0.1754853695   0.4218242204  -0.0685185594  -0.0412271942
   0.3913447681  -0.2041638802
   0.0498818148   0.0170647809  -0.0305117653  -0.0983882840  -0.0960825761
   0.1135118386  -0.0837759481  -0.0289911687  -0.1399583369

F          57.0924096428   57.5368915120   46.6092604470    Rank  4
  -0.1644108519
   0.2109139153   0.0393396054  -0.0723508802
   0.5185395512   0.1196491541  -0.3867992503  -0.0618191849  -0.0272252771
   0.1091272891   0.0797784391  -0.0889109714  -0.0700731266  -0.0011829956
  -0.0031098195  -0.0309077352
  -0.0469974913  -0.0578480370   0.1892949043   0.1686062199  -0.0675172692
  -0.0272989875   0.1126490080   0.0643150600   0.1707178809

F          56.9186654183   58.0303127480   48.7284522963    Rank  4
  -0.1625297749
  -0.1511282316   0.0551400170  -0.1647942821
   0.0781058417  -0.1769147514   0.5337125224  -0.2639063506  -0.1761461055
   0.0280857510   0.0594264405  -0.0420572385   0.0896152275   0.0943100430
  -0.0227729193   0.0194419487
   0.0479797078  -0.0127559975   0.0569962056   0.2097427039   0.0345641800
  -0.0715311357   0.1344003163  -0.0916000770   0.0351116391

F          58.5190650535   56.7228645584   48.0399652805    Rank  4
  -0.1601685123
  -0.0327383390  -0.2253794474   0.0627454654
  -0.3190970221   0.1469213588  -0.0432834094   0.4936345865  -0.2529827661
   0.0214716565   0.1173171919   0.0000403355  -0.0385930533   0.0395858717
  -0.0488546157   0.0488821235
  -0.0259361715   0.0720714308   0.1460396235   0.2771764763  -0.0247517015
  -0.1126062752   0.1175047672  -0.1813966253   0.1065668042
